,coupe,pickup,sedan,suv,crossover
0,506,522,200,538,154
1,525,523,244,516,140
2,560,470,243,499,142
3,614,458,243,514,147
4,636,459,246,522,142
5,1054,424,260,602,150
6,1299,407,249,640,150
7,725,316,189,410,109
8,579,304,190,406,105
9,611,292,192,401,105
10,549,297,190,419,107
11,484,291,190,427,104
12,532,301,200,508,109
13,510,323,193,539,112
14,1184,1149,540,1286,304
15,1303,1030,583,1367,328
16,1358,966,573,1319,322
17,1400,946,576,1308,322
18,1401,919,580,1362,328
19,1620,883,616,1606,334
20,1635,860,603,1716,350
21,598,419,273,654,152
22,695,313,216,466,116
23,962,304,213,464,117
24,967,304,208,465,116
25,730,301,213,490,119
26,596,316,228,568,123
27,600,317,224,608,129
28,548,344,235,530,131
29,858,512,348,742,194
30,1033,493,343,709,187
31,1026,494,338,714,190
32,1067,496,340,771,190
33,1175,518,368,911,202
34,1286,518,361,968,202
35,632,349,241,569,132
36,586,322,218,463,117
37,815,315,216,473,113
38,911,319,217,484,117
39,850,318,219,489,124
40,593,326,219,579,131
41,589,329,221,622,133
42,1127,787,486,1192,299
43,1414,984,623,1399,358
44,1444,976,621,1358,348
45,1422,932,619,1324,353
46,1479,915,620,1385,354
47,1603,938,662,1640,363
48,1614,979,672,1809,379
49,1365,1192,599,1494,338
50,1294,970,599,1313,318
51,1305,889,579,1224,304
52,1295,867,590,1243,302
53,1381,867,618,1310,310
54,1495,848,623,1469,331
55,1537,849,618,1589,321
56,992,570,384,945,215
57,613,362,254,535,133
58,823,354,251,517,130
59,1014,347,243,508,153
60,945,354,242,528,247
61,669,365,254,599,198
62,662,371,265,673,177
63,875,568,377,878,230
64,1153,712,479,1026,277
65,1410,696,475,1015,269
66,1268,699,466,995,264
67,1286,702,479,1036,284
68,1324,713,492,1171,286
69,1379,711,511,1315,286
70,1255,730,493,1195,299
71,1202,755,514,1099,293
72,1199,732,502,1043,270
73,1268,713,500,1035,265
74,1393,717,499,1082,275
75,1398,721,521,1206,287
76,1558,729,528,1385,309
77,1111,610,408,1027,236
78,752,461,308,663,177
79,776,452,308,647,188
80,769,447,311,658,188
81,790,445,310,663,190
82,1034,447,316,733,186
83,935,456,332,828,194
84,785,428,292,723,178
85,658,378,252,528,145
86,772,368,243,512,141
87,661,395,246,574,142
88,665,416,250,600,148
89,763,396,263,634,150
90,1070,372,255,640,149
91,929,527,332,829,206
92,1090,675,428,971,255
93,1049,638,408,864,239
94,1068,631,403,876,233
95,1132,630,413,886,231
96,1310,637,416,945,236
97,1405,643,439,1069,243
98,1469,736,460,1099,270
99,1325,812,535,1121,298
100,1339,784,523,1072,302
101,1364,778,522,1089,293
102,1462,791,534,1119,296
103,1546,797,551,1257,295
104,1566,805,574,1402,309
105,1237,651,427,1078,257
106,497,298,193,408,115
107,796,298,192,390,107
108,692,287,191,395,106
109,530,284,193,410,107
110,542,283,197,437,107
111,716,292,208,499,114
112,773,458,289,701,174
113,1259,728,472,997,262
114,1264,702,492,998,261
115,1265,688,516,986,275
116,1337,694,507,1008,297
117,1304,710,498,1077,282
118,1390,727,519,1198,291
119,1320,732,471,1154,277
120,1019,612,397,808,222
121,1147,580,362,785,216
122,1059,553,363,725,206
123,1182,556,373,749,206
124,1145,566,381,800,207
125,1236,565,393,903,217
126,1046,489,318,758,179
127,451,248,158,321,90
128,827,239,158,316,89
129,527,244,156,324,86
130,458,241,155,382,86
131,485,242,162,399,87
132,567,234,169,430,92
133,492,214,143,395,85
134,269,139,95,202,51
135,281,136,90,195,49
136,344,137,89,196,49
137,522,136,92,202,52
138,407,134,94,211,49
139,368,133,97,232,52
140,395,184,118,297,69
141,717,323,212,457,115
142,709,313,210,441,109
143,754,306,211,438,110
144,761,317,202,445,104
145,798,323,207,472,108
146,982,325,217,527,112
147,889,380,204,521,113
148,799,327,164,366,91
149,715,312,164,338,87
150,682,288,163,335,89
151,718,276,161,339,87
152,886,263,162,342,85
153,846,258,170,397,92
154,817,254,161,397,91
155,522,179,109,226,61
156,547,176,111,223,59
157,554,172,108,228,61
158,577,170,114,230,59
159,647,173,115,246,60
160,834,175,118,294,61
161,820,171,108,288,66
162,165,38,24,51,12
163,179,37,24,49,12
164,243,37,24,47,11
165,480,35,24,47,11
166,669,33,24,49,9
167,898,34,24,57,11
168,792,33,24,59,12
169,657,37,24,48,10
170,626,33,24,49,8
171,689,35,24,46,9
172,726,33,24,47,8
173,716,34,24,53,12
174,803,35,24,58,12
175,755,34,24,58,11
176,641,31,23,39,7
177,687,31,24,38,6
178,679,31,24,36,6
179,605,31,24,37,5
180,315,31,24,40,6
181,685,30,24,45,6
182,790,30,24,45,7
183,596,32,24,36,5
184,541,35,24,37,5
185,295,35,24,40,6
186,190,37,24,38,2
187,660,31,24,38,5
188,695,29,24,44,5
189,286,31,24,48,8
190,218,37,24,45,10
191,500,34,24,46,9
192,546,33,24,44,8
193,289,37,24,47,9
194,186,37,24,48,10
195,367,36,24,57,11
196,742,35,24,59,11
197,1424,118,73,159,37
198,720,135,90,181,45
199,510,136,91,185,41
200,373,138,89,191,43
201,349,135,89,195,42
202,346,139,96,222,46
203,324,137,96,234,48
204,1141,618,415,838,200
205,1462,767,546,1041,256
206,1364,740,524,1022,245
207,1353,730,551,1020,244
208,1321,729,543,1057,239
209,1420,737,547,1163,250
210,1463,746,544,1248,262
211,1383,855,561,1187,276
212,1398,859,572,1141,271
213,1364,844,560,1081,276
214,1363,839,565,1107,279
215,1391,828,557,1134,275
216,1546,854,582,1283,289
217,1578,840,595,1391,297
218,1343,790,493,1097,256
219,1221,713,455,940,230
220,1263,698,455,921,229
221,1332,692,451,916,224
222,1266,689,449,932,222
223,1313,690,465,1052,226
224,1394,690,481,1146,242
225,1320,734,463,1034,238
226,1175,735,476,962,233
227,1339,714,468,959,230
228,1315,695,462,946,224
229,1264,697,465,962,224
230,1264,708,484,1067,236
231,1267,716,490,1172,245
232,1341,838,526,1204,272
233,1460,876,559,1170,283
234,1352,860,560,1179,293
235,1343,853,562,1181,293
236,1404,855,563,1209,288
237,1559,858,580,1322,293
238,1488,867,592,1449,297
239,1364,830,526,1229,270
240,1166,737,473,971,231
241,1340,719,460,975,242
242,1211,715,462,987,234
243,1196,714,456,976,227
244,1222,711,457,1063,235
245,1226,722,475,1159,247
246,1054,830,397,941,216
247,813,653,344,751,177
248,802,611,330,735,170
249,829,573,330,700,171
250,962,557,326,757,167
251,903,534,332,842,169
252,1002,522,346,922,180
253,1121,584,350,891,192
254,1011,621,382,837,197
255,1009,608,380,816,196
256,984,599,375,817,199
257,1004,595,387,845,200
258,1363,604,388,917,208
259,1434,597,394,1014,209
260,1432,791,478,1208,262
261,1435,987,607,1324,313
262,1458,950,600,1342,311
263,1496,937,590,1306,307
264,1516,950,601,1319,307
265,1668,960,615,1442,314
266,1754,961,634,1614,327
267,1499,903,553,1425,296
268,1068,741,466,1004,245
269,1132,732,467,964,243
270,1118,705,454,948,252
271,1083,699,451,942,246
272,1170,704,451,1019,243
273,1295,719,468,1166,252
274,1398,884,529,1301,299
275,1466,1058,640,1360,357
276,1515,1040,656,1381,346
277,1584,1015,639,1353,376
278,1547,1032,640,1387,445
279,1600,1046,650,1520,400
280,1700,1027,662,1684,394
281,1462,1125,580,1503,348
282,1006,879,455,1041,281
283,1011,800,445,991,275
284,1082,804,446,974,268
285,1125,786,444,996,275
286,1228,767,457,1090,294
287,1488,756,481,1253,300
288,1390,790,466,1250,287
289,983,701,429,949,250
290,1128,673,423,916,247
291,1033,663,425,945,244
292,981,659,435,957,236
293,1027,661,432,1020,235
294,1179,674,449,1147,245
295,1132,801,477,1261,281
296,1343,967,588,1300,330
297,1316,932,574,1262,315
298,1345,926,577,1232,312
299,1352,956,588,1287,314
300,1387,959,598,1355,332
301,1578,954,608,1503,339
302,1488,859,497,1341,302
303,626,477,272,583,156
304,838,468,272,565,154
305,1077,450,269,551,150
306,874,476,278,592,158
307,747,487,276,612,153
308,767,492,291,701,155
309,760,601,328,811,189
310,1002,842,474,995,254
311,1028,767,457,952,242
312,896,835,584,1009,252
313,1078,807,483,1026,250
314,1114,790,475,1056,251
315,1368,821,494,1212,255
316,1130,989,469,1169,252
317,738,753,343,736,185
318,745,656,343,717,186
319,860,633,339,728,186
320,774,612,328,728,179
321,913,594,359,766,182
322,1220,600,362,884,194
323,1149,603,348,865,190
324,553,419,232,488,125
325,618,438,226,475,129
326,525,457,222,462,120
327,523,411,221,461,116
328,814,479,216,484,118
329,1034,407,228,557,124
330,1130,462,251,608,144
331,1457,1177,624,1297,370
332,1444,1163,643,1330,361
333,1426,1216,653,1364,361
334,1411,1314,634,1389,350
335,1495,1200,633,1402,343
336,1583,1159,637,1507,344
337,1618,1162,627,1525,369
338,961,769,413,868,271
339,958,765,415,841,280
340,981,753,404,825,272
341,982,732,408,837,260
342,979,734,408,863,251
343,1351,731,431,1010,273
344,1320,732,418,1038,300
345,926,614,342,725,314
346,843,592,329,679,291
347,805,600,327,704,297
348,797,596,336,737,254
349,816,597,333,753,228
350,1017,614,344,848,227
351,1041,602,343,877,224
352,543,426,220,531,146
353,649,405,214,477,129
354,832,404,213,480,126
355,786,405,210,470,125
356,536,424,207,482,124
357,625,442,215,540,122
358,577,477,214,578,125
359,254,552,138,384,90
360,367,268,121,301,66
361,963,1417,424,1013,235
362,1007,1167,452,1068,248
363,1043,1069,451,1115,252
364,1085,907,440,1168,251
365,1083,867,427,1193,260
366,299,403,138,397,90
367,119,120,37,108,26
368,458,556,199,488,115
369,543,483,208,490,112
370,541,448,211,493,110
371,889,411,217,534,118
372,1221,393,211,567,119
373,857,422,215,515,124
374,787,418,222,484,121
375,691,403,224,488,121
376,910,394,224,516,122
377,644,387,220,519,120
378,654,385,236,601,123
379,668,383,231,649,127
380,734,589,313,801,175
381,862,628,356,863,193
382,910,614,351,843,185
383,963,608,364,866,193
384,974,614,360,871,190
385,1010,621,379,1011,201
386,1135,626,371,1062,205
387,743,750,279,801,160
388,639,508,260,624,136
389,901,464,245,595,130
390,1002,449,248,582,126
391,868,435,244,578,126
392,703,407,249,651,125
393,710,421,261,733,136
394,659,490,277,699,148
395,698,502,299,679,152
396,841,487,265,609,137
397,993,525,284,661,148
398,814,528,285,663,149
399,849,508,294,757,154
400,767,480,290,807,157
401,98,55,38,83,17
402,499,368,216,528,114
403,713,361,212,513,116
404,976,362,212,504,113
405,653,361,214,509,115
406,554,363,221,585,116
407,561,369,227,654,119
408,937,703,404,1092,224
409,1225,1020,563,1354,302
410,1272,993,562,1320,293
411,1242,994,567,1319,293
412,1241,1031,562,1348,287
413,1388,981,623,1586,304
414,1470,1012,621,1792,322
415,1417,1385,628,1753,335
416,1362,1268,690,1590,340
417,1372,1131,632,1499,326
418,1363,1090,648,1502,344
419,1395,1067,629,1522,357
420,1502,1032,649,1699,352
421,1585,1054,673,1898,362
422,1145,761,449,1265,262
423,501,373,225,517,116
424,694,357,226,512,116
425,926,346,214,505,113
426,663,356,217,518,113
427,555,363,219,564,117
428,561,369,223,630,124
429,733,590,322,882,186
430,1073,814,449,1121,256
431,1066,786,436,1129,249
432,1254,775,447,1086,240
433,1128,802,453,1111,242
434,1155,842,464,1204,245
435,1219,855,485,1366,257
436,1310,971,522,1399,294
437,1326,1087,608,1405,315
438,1339,1033,592,1347,308
439,1356,1012,577,1356,298
440,1401,1037,595,1447,311
441,1460,1081,625,1609,312
442,1689,1127,662,1801,330
443,1475,1042,546,1497,292
444,880,737,407,941,204
445,899,708,402,926,205
446,958,691,401,922,203
447,1048,718,408,952,199
448,1214,727,420,1030,202
449,1231,766,441,1175,222
450,1039,682,358,969,185
451,546,398,214,482,108
452,515,378,212,472,109
453,511,375,217,477,119
454,504,409,212,485,109
455,562,400,217,524,109
456,979,394,229,598,113
457,653,413,214,576,111
458,522,408,233,473,109
459,758,390,226,486,108
460,848,385,215,496,110
461,558,387,221,509,109
462,540,396,224,546,111
463,614,410,228,618,115
464,706,576,295,776,163
465,1101,886,467,1088,245
466,1102,850,467,1050,239
467,1097,813,456,1062,235
468,1123,818,470,1081,235
469,1314,854,480,1149,236
470,1332,896,508,1345,247
471,1273,972,495,1355,260
472,1249,1049,554,1255,281
473,1326,1019,561,1291,296
474,1395,1034,553,1346,283
475,1475,1129,600,1423,289
476,1506,1145,586,1506,300
477,1630,1112,591,1581,297
478,1489,987,484,1373,250
479,262,217,117,274,59
480,266,201,113,257,56
481,271,202,111,262,58
482,272,200,111,259,58
483,280,204,116,274,60
484,674,207,113,306,60
485,599,352,171,469,94
486,1195,925,497,1129,262
487,1173,917,487,1116,257
488,1233,920,485,1133,263
489,1246,897,500,1134,272
490,1313,932,513,1213,293
491,1370,930,514,1362,284
492,1347,994,518,1435,292
493,1279,1072,558,1297,300
494,1330,1040,553,1298,288
495,1476,1023,549,1286,286
496,1461,1050,599,1343,302
497,1537,1063,606,1428,301
498,1764,1075,605,1590,303
499,1563,1069,605,1628,302
500,1176,930,517,1150,257
501,1205,914,518,1148,258
502,1264,896,511,1168,262
503,1240,910,531,1216,280
504,1344,930,535,1263,271
505,1626,956,571,1405,268
506,1522,1008,557,1483,280
507,735,547,299,674,155
508,769,543,303,693,148
509,766,538,322,694,155
510,764,520,318,674,148
511,818,555,326,723,154
512,1160,563,326,816,154
513,934,628,307,813,155
514,1101,993,412,976,207
515,1104,939,431,932,211
516,1125,856,414,914,209
517,1128,817,413,919,211
518,1252,797,413,941,210
519,1394,774,432,1017,208
520,1341,828,433,1077,220
521,292,265,115,263,58
522,253,165,77,171,39
523,258,152,78,175,38
524,270,151,76,177,40
525,613,154,85,186,38
526,613,156,92,210,40
527,473,158,91,220,41
528,559,198,108,239,51
529,495,191,104,228,55
530,688,192,107,231,52
531,606,193,106,232,51
532,504,192,110,241,54
533,565,198,114,274,53
534,560,195,107,285,57
535,321,125,69,158,35
536,362,104,58,122,29
537,316,104,55,123,25
538,328,102,56,127,27
539,344,101,58,130,25
540,359,105,59,143,26
541,500,110,58,156,25
542,729,136,68,163,32
543,521,142,75,167,35
544,438,140,73,164,36
545,383,138,76,172,36
546,519,139,73,170,35
547,731,142,77,191,34
548,444,144,74,200,37
549,374,164,78,188,39
550,426,169,82,181,39
551,574,185,81,177,40
552,461,213,88,192,40
553,334,192,85,188,40
554,500,172,91,216,42
555,766,166,84,229,41
556,645,226,112,272,54
557,560,243,128,285,64
558,396,231,125,283,63
559,500,234,128,296,62
560,645,239,127,298,62
561,406,237,137,345,62
562,443,233,135,371,61
563,712,240,122,327,60
564,328,234,124,286,60
565,320,225,129,277,61
566,365,222,127,288,61
567,362,221,129,296,59
568,670,230,129,315,60
569,340,226,132,341,65
570,946,783,422,1021,214
571,1440,1226,668,1500,323
572,1421,1198,657,1454,318
573,1426,1182,664,1490,318
574,1462,1170,665,1527,316
575,1569,1199,688,1691,317
576,1611,1297,693,1863,339
577,1537,1260,669,1709,328
578,1448,1239,673,1489,316
579,1430,1206,667,1439,304
580,1417,1201,666,1439,309
581,1440,1192,650,1434,307
582,1636,1228,685,1597,314
583,1648,1298,683,1740,320
584,1326,1048,531,1320,267
585,1104,787,402,913,198
586,1185,769,407,912,199
587,1250,759,405,896,195
588,1240,761,429,958,203
589,1342,775,429,1032,197
590,1409,825,433,1127,203
591,1250,821,428,1082,208
592,962,793,431,998,199
593,1160,763,429,997,197
594,1015,725,418,1012,193
595,946,755,431,1060,197
596,1020,775,434,1112,212
597,1174,775,442,1202,210
598,1010,873,434,1158,214
599,924,777,423,971,200
600,918,750,415,947,197
601,923,739,417,942,198
602,933,743,429,977,202
603,988,776,433,1041,208
604,1068,771,440,1139,206
605,763,551,268,702,123
